BEIDOU G1               
1 36287U 10001A   16180.51063644 -.00000292  00000-0  10000-3 0  9991
2 36287   1.5300 358.7426 0002852 201.8352  40.3432  1.00271728 23661
BEIDOU G3               
1 36590U 10024A   16180.00351186 -.00000363  00000-0  00000+0 0  9992
2 36590   1.2914  18.1282 0003530 316.7206  53.3989  1.00266727 22271
BEIDOU IGSO 1           
1 36828U 10036A   16179.82516411 -.00000081  00000-0  10000-3 0  9993
2 36828  54.2281 196.9921 0049666 222.8355 272.1796  1.00286901 21707
BEIDOU G4               
1 37210U 10057A   16180.45995449 -.00000121  00000-0  00000+0 0  9995
2 37210   0.8008  44.6167 0005967 163.7157  34.2065  1.00270443 20773
BEIDOU IGSO 2           
1 37256U 10068A   16180.83252719 -.00000244  00000-0  10000-3 0  9996
2 37256  53.5717 315.3739 0046620 204.4523 176.4202  1.00290606 20303
BEIDOU IGSO 3           
1 37384U 11013A   16180.71744005 -.00000214  00000-0  10000-3 0  9997
2 37384  57.3897  76.6487 0023914 200.4003  18.5894  1.00258923 19175
BEIDOU IGSO 4           
1 37763U 11038A   16180.32635938 -.00000023  00000-0  10000-3 0  9994
2 37763  54.5348 199.2976 0040798 211.0722  79.8217  1.00272413 18130
BEIDOU IGSO 5           
1 37948U 11073A   16180.53148943 -.00000174  00000-0  10000-3 0  9993
2 37948  53.6611 314.8376 0042299 202.5719  43.7453  1.00292119 16894
BEIDOU G5               
1 38091U 12008A   16180.68147631  .00000046  00000-0  00000+0 0  9993
2 38091   1.6524  48.0598 0001912 166.4648   6.7240  1.00276490 15973
BEIDOU M3               
1 38250U 12018A   16180.12610358 -.00000062  00000-0  10000-3 0  9995
2 38250  56.0080  66.0284 0021616 217.5151 160.5867  1.86233259 28487
BEIDOU M4               
1 38251U 12018B   16179.93721098 -.00000062  00000-0  10000-3 0  9997
2 38251  55.9441  65.4870 0024017 210.9485  88.0982  1.86234102 28475
BEIDOU M6               
1 38775U 12050B   16180.13262321  .00000107  00000-0  00000+0 0  9991
2 38775  54.8354 185.2400 0021908 230.1169  34.8328  1.86233146 25855
BEIDOU G6               
1 38953U 12059A   16180.07751438 -.00000168  00000-0  10000-3 0  9996
2 38953   0.9355  78.5890 0008284  86.1518 223.7182  1.00206138 13549
BEIDOU I1-S             
1 40549U 15019A   16179.98121947 -.00000174  00000-0  00000-0 0  9996
2 40549  54.7021 337.8095 0042793 178.8216 207.5292  1.00259968  4579
BEIDOU-3 M1             
1 40748U 15037A   16180.47089646 -.00000066  00000-0  00000+0 0  9991
2 40748  55.2114  65.6521 0006253 277.1208 284.5223  1.86237630  6313
BEIDOU-3 M2             
1 40749U 15037B   16180.06698970 -.00000063  00000-0  00000+0 0  9990
2 40749  55.2130  65.6516 0007411 287.9498 141.7778  1.86237411  6308
BEIDOU I2-S             
1 40938U 15053A   16180.46133015 -.00000177  00000-0  00000+0 0  9992
2 40938  54.6838 300.6670 0043823 167.5407  70.6564  1.00286261  2851
BEIDOU M3-S             
1 41315U 16006A   16179.73661264  .00000106  00000-0  00000+0 0  9992
2 41315  55.0209 185.4236 0003470 281.5988 302.8517  1.86235715  2782
BEIDOU IGSO 6           
1 41434U 16021A   16179.72885786 -.00000160  00000-0  10000-3 0  9993
2 41434  55.0745  76.3128 0024366 177.8586  19.2267  1.00269834   970
BEIDOU G7               
1 41586U 16037A   16179.68579998 -.00000254  00000-0  00000+0 0  9997
2 41586   1.8309 307.1672 0002436 257.3710 103.0706  1.00274454   298